9494955226
9494952426
9494955426
9494955426
9494955426
9494955426
9494956426
9492955426
9494955426
9494955426
9494955426
9494955426
9434955426
9454955426
9494952426
9494955426
9494955426
9494955426
9494953542
9494955426
9594955426
9894955426
9494955426
9494955426
9494955426
9494955426
9444955426
9494655426
9494955426
9494955426
9494955426
9494945426
9494935426
9494954426
9494955426
9494955426
9494955426
9494955426
9494959426
9494955526
9494955426
9494955426
9494955426
9494955426
9494955426
9494955626
9494955426
9494955426
9494955426
9494955426
9494955429
8494955426
7494955426
9494955426
9494955426
9494955426
9494955426
9494955426
9494955426
9494955426
9494955426
9494955426
9494955426
9494955426
9494955426
9494955426
